20
3 4
3 7
3 0
3 9
3 2
3 7
3 19
3 17
3 4
3 9
3 7
3 18
3 19
3 19
3 9
3 5
3 18
3 0
3 4
3 7
3 15
3 1
3 18
3 1
3 10
3 9
3 6
3 3
3 4
3 15
3 13
3 1
3 3
3 6
3 10
3 17
3 5
3 9
3 7
3 9
3 10
3 14
3 7
3 9
3 5
3 8
3 6
3 4
3 8
3 10
3 3
3 16
3 3
3 1
3 17
3 5
3 2
3 4
3 9
3 7
3 11
3 2
3 0
3 6
3 8
3 10
3 16
3 13
3 11
3 3
3 14
3 1
3 17
3 13
3 2
3 14
3 1
3 9
3 10
3 10
3 11
3 13
3 18
3 15
3 6
3 15
3 0
3 9
3 11
3 9
3 8
3 3
3 4
3 8
3 1
3 4
3 10
3 17
3 10
3 1
3 0
3 4
3 14
3 9
3 18
3 8
3 4
3 11
3 9
3 6
3 13
3 1
3 0
3 11
3 8
3 6
3 19
3 8
3 15
3 10
3 10
3 3
3 5
3 6
3 3
3 19
3 10
3 13
3 16
3 0
3 6
3 9
3 17
3 0
3 18
3 7
3 9
3 14
3 10
3 18
3 1
3 4
3 11
3 1
3 7
3 19
3 19
3 6
3 0
3 7
3 9
3 10
3 10
3 6
3 8
3 14
3 5
3 18
3 19
3 2
3 11
3 6
3 11
3 0
3 18
3 1
3 19
3 7
3 8
3 9
3 18
3 9
3 13
3 1
3 2
3 13
3 1
3 1
3 11
3 1
3 8
3 0
3 3
3 11
3 19
3 11
3 17
3 4
3 1
3 16
3 18
3 12
3 14
3 1
3 4
3 13
3 3
3 3
3 12
3 3
1
2
5 0 4
5 5 9
5 10 15
3 13
3 2
3 12
3 18
3 4
3 6
3 11
3 17
3 19
3 3
3 10
3 8
3 15
3 13
3 11
3 14
3 16
3 8
3 11
3 9
3 16
3 9
3 14
3 11
3 11
3 18
3 16
3 6
3 2
3 8
3 9
3 7
3 11
3 13
3 17
3 7
3 19
3 1
3 4
3 18
3 4
3 14
3 18
3 11
3 19
3 1
3 18
3 7
3 9
3 9
3 16
3 18
3 18
3 10
3 1
3 1
3 9
3 17
3 19
3 3
3 5
3 0
3 2
3 8
3 5
3 19
3 15
3 4
3 0
3 11
3 15
3 16
3 5
3 5
3 0
3 4
3 7
3 18
3 11
3 8
3 7
3 0
3 18
3 17
3 10
3 19
3 11
3 11
3 16
3 10
3 6
3 14
3 3
3 0
3 14
3 8
3 0
3 2
3 13
3 12
3 13
3 0
3 1
3 19
3 5
3 1
3 15
3 4
3 11
3 7
3 13
3 10
3 7
3 11
3 7
3 9
3 3
3 18
3 1
3 11
3 1
3 19
3 5
3 4
3 0
3 12
3 12
3 12
3 14
3 17
3 16
3 7
3 17
3 17
3 6
3 15
3 10
3 2
3 11
3 13
3 1
3 4
3 3
3 0
3 8
3 11
3 1
3 3
3 1
3 14
3 14
3 2
3 14
3 0
3 6
3 6
3 4
3 19
3 18
3 18
3 8
3 14
3 5
3 6
3 4
3 4
3 13
3 6
3 18
3 4
3 0
3 11
3 1
3 3
3 3
3 1
3 6
3 4
3 4
3 8
3 11
3 18
3 2
3 5
3 10
3 9
3 3
3 14
3 0
3 13
3 12
3 8
3 19
3 18
3 6
3 3
3 14
3 11
3 2
3 12
1
2
5 5 9
5 10 15
5 16 20
5 20 25
4 16
4 14
4 3
4 9
4 9
4 18
4 10
4 16
4 2
4 14
4 16
4 13
4 12
4 18
4 10
4 3
4 19
4 5
4 17
4 11
4 18
4 2
4 12
4 18
4 12
4 10
4 13
4 6
4 2
4 7
4 10
4 10
4 1
4 13
4 19
4 11
4 11
4 9
4 19
4 5
4 15
4 7
4 11
4 7
4 17
4 13
4 2
4 9
4 19
4 12
4 0
4 17
4 14
4 4
4 7
4 6
4 7
4 1
4 4
4 1
4 8
4 14
4 11
4 2
4 19
4 2
4 5
4 2
4 3
4 4
4 7
4 18
4 11
4 10
4 17
4 0
4 4
4 0
4 9
4 3
4 4
4 2
4 12
4 10
4 6
4 0
4 16
4 5
4 13
4 12
4 6
4 13
4 6
4 17
4 15
4 17
4 11
4 0
4 19
4 14
1
2
5 0 4
5 5 9
5 10 15
5 16 20
0

